num_relations,num_threshold_values,num_decimal_pos,query_graph_type,sample_index,num_phys_qubits
4,1,0,CHAIN,0,87
4,1,0,CHAIN,1,97
4,1,0,CHAIN,2,93
4,1,0,CHAIN,3,91
4,1,0,CHAIN,4,102
4,1,0,CHAIN,5,88
4,1,0,CHAIN,6,95
4,1,0,CHAIN,7,89
4,1,0,CHAIN,8,91
4,1,0,CHAIN,9,95
4,1,0,CHAIN,10,93
4,1,0,CHAIN,11,100
4,1,0,CHAIN,12,99
4,1,0,CHAIN,13,93
4,1,0,CHAIN,14,101
4,1,0,CHAIN,15,83
4,1,0,CHAIN,16,104
4,1,0,CHAIN,17,95
4,1,0,CHAIN,18,106
4,1,0,CHAIN,19,92
4,1,0,STAR,0,87
4,1,0,STAR,1,96
4,1,0,STAR,2,104
4,1,0,STAR,3,96
4,1,0,STAR,4,94
4,1,0,STAR,5,104
4,1,0,STAR,6,94
4,1,0,STAR,7,97
4,1,0,STAR,8,96
4,1,0,STAR,9,92
4,1,0,STAR,10,93
4,1,0,STAR,11,89
4,1,0,STAR,12,100
4,1,0,STAR,13,95
4,1,0,STAR,14,95
4,1,0,STAR,15,94
4,1,0,STAR,16,98
4,1,0,STAR,17,91
4,1,0,STAR,18,108
4,1,0,STAR,19,86
4,1,0,CYCLE,0,110
4,1,0,CYCLE,1,115
4,1,0,CYCLE,2,119
4,1,0,CYCLE,3,102
4,1,0,CYCLE,4,111
4,1,0,CYCLE,5,116
4,1,0,CYCLE,6,111
4,1,0,CYCLE,7,111
4,1,0,CYCLE,8,119
4,1,0,CYCLE,9,116
4,1,0,CYCLE,10,108
4,1,0,CYCLE,11,100
4,1,0,CYCLE,12,104
4,1,0,CYCLE,13,113
4,1,0,CYCLE,14,123
4,1,0,CYCLE,15,102
4,1,0,CYCLE,16,104
4,1,0,CYCLE,17,111
4,1,0,CYCLE,18,95
4,1,0,CYCLE,19,118
5,1,0,CHAIN,0,201
5,1,0,CHAIN,1,204
5,1,0,CHAIN,2,205
5,1,0,CHAIN,3,192
5,1,0,CHAIN,4,210
5,1,0,CHAIN,5,214
5,1,0,CHAIN,6,183
5,1,0,CHAIN,7,168
5,1,0,CHAIN,8,206
5,1,0,CHAIN,9,192
5,1,0,CHAIN,10,189
5,1,0,CHAIN,11,190
5,1,0,CHAIN,12,192
5,1,0,CHAIN,13,187
5,1,0,CHAIN,14,184
5,1,0,CHAIN,15,224
5,1,0,CHAIN,16,192
5,1,0,CHAIN,17,182
5,1,0,CHAIN,18,190
5,1,0,CHAIN,19,208
5,1,0,STAR,0,197
5,1,0,STAR,1,189
5,1,0,STAR,2,193
5,1,0,STAR,3,211
5,1,0,STAR,4,179
5,1,0,STAR,5,186
5,1,0,STAR,6,204
5,1,0,STAR,7,197
5,1,0,STAR,8,202
5,1,0,STAR,9,194
5,1,0,STAR,10,175
5,1,0,STAR,11,179
5,1,0,STAR,12,183
5,1,0,STAR,13,175
5,1,0,STAR,14,199
5,1,0,STAR,15,182
5,1,0,STAR,16,169
5,1,0,STAR,17,172
5,1,0,STAR,18,193
5,1,0,STAR,19,201
5,1,0,CYCLE,0,205
5,1,0,CYCLE,1,201
5,1,0,CYCLE,2,226
5,1,0,CYCLE,3,212
5,1,0,CYCLE,4,187
5,1,0,CYCLE,5,209
5,1,0,CYCLE,6,237
5,1,0,CYCLE,7,221
5,1,0,CYCLE,8,196
5,1,0,CYCLE,9,220
5,1,0,CYCLE,10,208
5,1,0,CYCLE,11,212
5,1,0,CYCLE,12,200
5,1,0,CYCLE,13,203
5,1,0,CYCLE,14,195
5,1,0,CYCLE,15,236
5,1,0,CYCLE,16,222
5,1,0,CYCLE,17,211
5,1,0,CYCLE,18,189
5,1,0,CYCLE,19,209
6,1,0,CHAIN,0,299
6,1,0,CHAIN,1,359
6,1,0,CHAIN,2,355
6,1,0,CHAIN,3,333
6,1,0,CHAIN,4,337
6,1,0,CHAIN,5,304
6,1,0,CHAIN,6,305
6,1,0,CHAIN,7,324
6,1,0,CHAIN,8,343
6,1,0,CHAIN,9,331
6,1,0,CHAIN,10,355
6,1,0,CHAIN,11,358
6,1,0,CHAIN,12,305
6,1,0,CHAIN,13,345
6,1,0,CHAIN,14,370
6,1,0,CHAIN,15,312
6,1,0,CHAIN,16,319
6,1,0,CHAIN,17,301
6,1,0,CHAIN,18,306
6,1,0,CHAIN,19,350
6,1,0,STAR,0,323
6,1,0,STAR,1,308
6,1,0,STAR,2,309
6,1,0,STAR,3,332
6,1,0,STAR,4,299
6,1,0,STAR,5,319
6,1,0,STAR,6,333
6,1,0,STAR,7,317
6,1,0,STAR,8,328
6,1,0,STAR,9,326
6,1,0,STAR,10,334
6,1,0,STAR,11,313
6,1,0,STAR,12,338
6,1,0,STAR,13,340
6,1,0,STAR,14,326
6,1,0,STAR,15,345
6,1,0,STAR,16,347
6,1,0,STAR,17,340
6,1,0,STAR,18,321
6,1,0,STAR,19,293
6,1,0,CYCLE,0,378
6,1,0,CYCLE,1,347
6,1,0,CYCLE,2,348
6,1,0,CYCLE,3,339
6,1,0,CYCLE,4,373
6,1,0,CYCLE,5,332
6,1,0,CYCLE,6,386
6,1,0,CYCLE,7,369
6,1,0,CYCLE,8,344
6,1,0,CYCLE,9,322
6,1,0,CYCLE,10,357
6,1,0,CYCLE,11,367
6,1,0,CYCLE,12,349
6,1,0,CYCLE,13,332
6,1,0,CYCLE,14,372
6,1,0,CYCLE,15,340
6,1,0,CYCLE,16,368
6,1,0,CYCLE,17,343
6,1,0,CYCLE,18,371
6,1,0,CYCLE,19,340
7,1,0,CHAIN,0,487
7,1,0,CHAIN,1,505
7,1,0,CHAIN,2,533
7,1,0,CHAIN,3,514
7,1,0,CHAIN,4,451
7,1,0,CHAIN,5,471
7,1,0,CHAIN,6,497
7,1,0,CHAIN,7,479
7,1,0,CHAIN,8,526
7,1,0,CHAIN,9,529
7,1,0,CHAIN,10,483
7,1,0,CHAIN,11,534
7,1,0,CHAIN,12,501
7,1,0,CHAIN,13,498
7,1,0,CHAIN,14,527
7,1,0,CHAIN,15,494
7,1,0,CHAIN,16,506
7,1,0,CHAIN,17,457
7,1,0,CHAIN,18,485
7,1,0,CHAIN,19,529
7,1,0,STAR,0,445
7,1,0,STAR,1,521
7,1,0,STAR,2,506
7,1,0,STAR,3,519
7,1,0,STAR,4,533
7,1,0,STAR,5,493
7,1,0,STAR,6,516
7,1,0,STAR,7,506
7,1,0,STAR,8,512
7,1,0,STAR,9,515
7,1,0,STAR,10,511
7,1,0,STAR,11,470
7,1,0,STAR,12,502
7,1,0,STAR,13,480
7,1,0,STAR,14,507
7,1,0,STAR,15,496
7,1,0,STAR,16,574
7,1,0,STAR,17,509
7,1,0,STAR,18,494
7,1,0,STAR,19,470
7,1,0,CYCLE,0,540
7,1,0,CYCLE,1,495
7,1,0,CYCLE,2,533
7,1,0,CYCLE,3,520
7,1,0,CYCLE,4,510
7,1,0,CYCLE,5,546
7,1,0,CYCLE,6,519
7,1,0,CYCLE,7,533
7,1,0,CYCLE,8,541
7,1,0,CYCLE,9,564
7,1,0,CYCLE,10,515
7,1,0,CYCLE,11,525
7,1,0,CYCLE,12,507
7,1,0,CYCLE,13,522
7,1,0,CYCLE,14,469
7,1,0,CYCLE,15,535
7,1,0,CYCLE,16,600
7,1,0,CYCLE,17,598
7,1,0,CYCLE,18,530
7,1,0,CYCLE,19,519
8,1,0,CHAIN,0,703
8,1,0,CHAIN,1,780
8,1,0,CHAIN,2,674
8,1,0,CHAIN,3,669
8,1,0,CHAIN,4,763
8,1,0,CHAIN,5,726
8,1,0,CHAIN,6,757
8,1,0,CHAIN,7,690
8,1,0,CHAIN,8,685
8,1,0,CHAIN,9,756
8,1,0,CHAIN,10,689
8,1,0,CHAIN,11,693
8,1,0,CHAIN,12,803
8,1,0,CHAIN,13,804
8,1,0,CHAIN,14,761
8,1,0,CHAIN,15,694
8,1,0,CHAIN,16,747
8,1,0,CHAIN,17,719
8,1,0,CHAIN,18,728
8,1,0,CHAIN,19,701
8,1,0,STAR,0,697
8,1,0,STAR,1,694
8,1,0,STAR,2,714
8,1,0,STAR,3,712
8,1,0,STAR,4,763
8,1,0,STAR,5,707
8,1,0,STAR,6,787
8,1,0,STAR,7,731
8,1,0,STAR,8,717
8,1,0,STAR,9,838
8,1,0,STAR,10,724
8,1,0,STAR,11,660
8,1,0,STAR,12,751
8,1,0,STAR,13,694
8,1,0,STAR,14,676
8,1,0,STAR,15,749
8,1,0,STAR,16,724
8,1,0,STAR,17,738
8,1,0,STAR,18,738
8,1,0,STAR,19,699
8,1,0,CYCLE,0,792
8,1,0,CYCLE,1,743
8,1,0,CYCLE,2,758
8,1,0,CYCLE,3,762
8,1,0,CYCLE,4,783
8,1,0,CYCLE,5,717
8,1,0,CYCLE,6,806
8,1,0,CYCLE,7,685
8,1,0,CYCLE,8,700
8,1,0,CYCLE,9,743
8,1,0,CYCLE,10,751
8,1,0,CYCLE,11,745
8,1,0,CYCLE,12,778
8,1,0,CYCLE,13,731
8,1,0,CYCLE,14,711
8,1,0,CYCLE,15,726
8,1,0,CYCLE,16,768
8,1,0,CYCLE,17,774
8,1,0,CYCLE,18,791
8,1,0,CYCLE,19,811
8,1,2,CHAIN,0,1176
8,1,2,CHAIN,1,1116
8,1,2,CHAIN,2,1084
8,1,2,CHAIN,3,1139
8,1,2,CHAIN,4,1195
8,1,2,CHAIN,5,1089
8,1,2,CHAIN,6,1087
8,1,2,CHAIN,7,1111
8,1,2,CHAIN,8,1220
8,1,2,CHAIN,9,1076
8,1,2,CHAIN,10,1154
8,1,2,CHAIN,11,1137
8,1,2,CHAIN,12,1150
8,1,2,CHAIN,13,1121
8,1,2,CHAIN,14,1162
8,1,2,CHAIN,15,1203
8,1,2,CHAIN,16,1080
8,1,2,CHAIN,17,1067
8,1,2,CHAIN,18,1148
8,1,2,CHAIN,19,1170
8,1,2,STAR,0,1292
8,1,2,STAR,1,1221
8,1,2,STAR,2,1102
8,1,2,STAR,3,1150
8,1,2,STAR,4,1106
8,1,2,STAR,5,1159
8,1,2,STAR,6,1152
8,1,2,STAR,7,1197
8,1,2,STAR,8,1192
8,1,2,STAR,9,1159
8,1,2,STAR,10,1180
8,1,2,STAR,11,1173
8,1,2,STAR,12,1191
8,1,2,STAR,13,1145
8,1,2,STAR,14,1144
8,1,2,STAR,15,1172
8,1,2,STAR,16,1258
8,1,2,STAR,17,1120
8,1,2,STAR,18,1238
8,1,2,STAR,19,1153
8,1,2,CYCLE,0,1301
8,1,2,CYCLE,1,1157
8,1,2,CYCLE,2,1155
8,1,2,CYCLE,3,1251
8,1,2,CYCLE,4,1268
8,1,2,CYCLE,5,1210
8,1,2,CYCLE,6,1161
8,1,2,CYCLE,7,1186
8,1,2,CYCLE,8,1194
8,1,2,CYCLE,9,1286
8,1,2,CYCLE,10,1157
8,1,2,CYCLE,11,1258
8,1,2,CYCLE,12,1313
8,1,2,CYCLE,13,1243
8,1,2,CYCLE,14,1190
8,1,2,CYCLE,15,1122
8,1,2,CYCLE,16,1174
8,1,2,CYCLE,17,1343
8,1,2,CYCLE,18,1316
8,1,2,CYCLE,19,1182
8,1,4,CHAIN,0,1489
8,1,4,CHAIN,1,1586
8,1,4,CHAIN,2,1517
8,1,4,CHAIN,3,1499
8,1,4,CHAIN,4,1517
8,1,4,CHAIN,5,1567
8,1,4,CHAIN,6,1573
8,1,4,CHAIN,7,1536
8,1,4,CHAIN,8,1469
8,1,4,CHAIN,9,1527
8,1,4,CHAIN,10,1542
8,1,4,CHAIN,11,1508
8,1,4,CHAIN,12,1524
8,1,4,CHAIN,13,1503
8,1,4,CHAIN,14,1559
8,1,4,CHAIN,15,1582
8,1,4,CHAIN,16,1591
8,1,4,CHAIN,17,1550
8,1,4,CHAIN,18,1599
8,1,4,CHAIN,19,1598
8,1,4,STAR,0,1475
8,1,4,STAR,1,1556
8,1,4,STAR,2,1492
8,1,4,STAR,3,1492
8,1,4,STAR,4,1540
8,1,4,STAR,5,1522
8,1,4,STAR,6,1592
8,1,4,STAR,7,1587
8,1,4,STAR,8,1749
8,1,4,STAR,9,1513
8,1,4,STAR,10,1557
8,1,4,STAR,11,1605
8,1,4,STAR,12,1547
8,1,4,STAR,13,1613
8,1,4,STAR,14,1569
8,1,4,STAR,15,1470
8,1,4,STAR,16,1578
8,1,4,STAR,17,1546
8,1,4,STAR,18,1530
8,1,4,STAR,19,1498
8,1,4,CYCLE,0,1518
8,1,4,CYCLE,1,1594
8,1,4,CYCLE,2,1707
8,1,4,CYCLE,3,1565
8,1,4,CYCLE,4,1627
8,1,4,CYCLE,5,1563
8,1,4,CYCLE,6,1688
8,1,4,CYCLE,7,1588
8,1,4,CYCLE,8,1695
8,1,4,CYCLE,9,1685
8,1,4,CYCLE,10,1581
8,1,4,CYCLE,11,1660
8,1,4,CYCLE,12,1788
8,1,4,CYCLE,13,1812
8,1,4,CYCLE,14,1640
8,1,4,CYCLE,15,1611
8,1,4,CYCLE,16,1538
8,1,4,CYCLE,17,1588
8,1,4,CYCLE,18,1647
8,1,4,CYCLE,19,1702
8,2,0,CHAIN,0,864
8,2,0,CHAIN,1,932
8,2,0,CHAIN,2,877
8,2,0,CHAIN,3,898
8,2,0,CHAIN,4,912
8,2,0,CHAIN,5,857
8,2,0,CHAIN,6,877
8,2,0,CHAIN,7,898
8,2,0,CHAIN,8,907
8,2,0,CHAIN,9,981
8,2,0,CHAIN,10,849
8,2,0,CHAIN,11,859
8,2,0,CHAIN,12,892
8,2,0,CHAIN,13,937
8,2,0,CHAIN,14,888
8,2,0,CHAIN,15,842
8,2,0,CHAIN,16,892
8,2,0,CHAIN,17,824
8,2,0,CHAIN,18,839
8,2,0,CHAIN,19,809
8,2,0,STAR,0,859
8,2,0,STAR,1,853
8,2,0,STAR,2,879
8,2,0,STAR,3,868
8,2,0,STAR,4,858
8,2,0,STAR,5,848
8,2,0,STAR,6,904
8,2,0,STAR,7,891
8,2,0,STAR,8,854
8,2,0,STAR,9,984
8,2,0,STAR,10,890
8,2,0,STAR,11,857
8,2,0,STAR,12,952
8,2,0,STAR,13,941
8,2,0,STAR,14,844
8,2,0,STAR,15,847
8,2,0,STAR,16,933
8,2,0,STAR,17,917
8,2,0,STAR,18,880
8,2,0,STAR,19,847
8,2,0,CYCLE,0,1093
8,2,0,CYCLE,1,1023
8,2,0,CYCLE,2,951
8,2,0,CYCLE,3,907
8,2,0,CYCLE,4,941
8,2,0,CYCLE,5,916
8,2,0,CYCLE,6,967
8,2,0,CYCLE,7,864
8,2,0,CYCLE,8,989
8,2,0,CYCLE,9,839
8,2,0,CYCLE,10,849
8,2,0,CYCLE,11,971
8,2,0,CYCLE,12,991
8,2,0,CYCLE,13,959
8,2,0,CYCLE,14,881
8,2,0,CYCLE,15,894
8,2,0,CYCLE,16,924
8,2,0,CYCLE,17,999
8,2,0,CYCLE,18,881
8,2,0,CYCLE,19,858
8,2,2,CHAIN,0,1658
8,2,2,CHAIN,1,1662
8,2,2,CHAIN,2,1677
8,2,2,CHAIN,3,1617
8,2,2,CHAIN,4,1645
8,2,2,CHAIN,5,1636
8,2,2,CHAIN,6,1599
8,2,2,CHAIN,7,1707
8,2,2,CHAIN,8,1709
8,2,2,CHAIN,9,1724
8,2,2,CHAIN,10,1647
8,2,2,CHAIN,11,1743
8,2,2,CHAIN,12,1707
8,2,2,CHAIN,13,1621
8,2,2,CHAIN,14,1681
8,2,2,CHAIN,15,1613
8,2,2,CHAIN,16,1563
8,2,2,CHAIN,17,1520
8,2,2,CHAIN,18,1758
8,2,2,CHAIN,19,1654
8,2,2,STAR,0,1605
8,2,2,STAR,1,1836
8,2,2,STAR,2,1766
8,2,2,STAR,3,1839
8,2,2,STAR,4,1559
8,2,2,STAR,5,1732
8,2,2,STAR,6,1699
8,2,2,STAR,7,1594
8,2,2,STAR,8,1791
8,2,2,STAR,9,1684
8,2,2,STAR,10,1658
8,2,2,STAR,11,1672
8,2,2,STAR,12,1713
8,2,2,STAR,13,1638
8,2,2,STAR,14,1833
8,2,2,STAR,15,1706
8,2,2,STAR,16,1865
8,2,2,STAR,17,1711
8,2,2,STAR,18,1750
8,2,2,STAR,19,1677
8,2,2,CYCLE,0,1852
8,2,2,CYCLE,1,1647
8,2,2,CYCLE,2,1867
8,2,2,CYCLE,3,1771
8,2,2,CYCLE,4,1885
8,2,2,CYCLE,5,1798
8,2,2,CYCLE,6,1777
8,2,2,CYCLE,7,1764
8,2,2,CYCLE,8,1823
8,2,2,CYCLE,9,1758
8,2,2,CYCLE,10,1772
8,2,2,CYCLE,11,1779
8,2,2,CYCLE,12,1813
8,2,2,CYCLE,13,1879
8,2,2,CYCLE,14,1754
8,2,2,CYCLE,15,1707
8,2,2,CYCLE,16,1735
8,2,2,CYCLE,17,1889
8,2,2,CYCLE,18,1635
8,2,2,CYCLE,19,1858
8,2,4,CHAIN,0,2462
8,2,4,CHAIN,1,2636
8,2,4,CHAIN,2,2922
8,2,4,CHAIN,3,2621
8,2,4,CHAIN,4,2731
8,2,4,CHAIN,5,2481
8,2,4,CHAIN,6,2764
8,2,4,CHAIN,7,2486
8,2,4,CHAIN,8,2609
8,2,4,CHAIN,9,2499
8,2,4,CHAIN,10,2349
8,2,4,CHAIN,11,2603
8,2,4,CHAIN,12,2500
8,2,4,CHAIN,13,2486
8,2,4,CHAIN,14,2478
8,2,4,CHAIN,15,2436
8,2,4,CHAIN,16,2502
8,2,4,CHAIN,17,3020
8,2,4,CHAIN,18,2713
8,2,4,CHAIN,19,2460
8,2,4,STAR,0,2374
8,2,4,STAR,1,2546
8,2,4,STAR,2,2567
8,2,4,STAR,3,2502
8,2,4,STAR,4,2655
8,2,4,STAR,5,2484
8,2,4,STAR,6,2517
8,2,4,STAR,7,2426
8,2,4,STAR,8,2497
8,2,4,STAR,9,2745
8,2,4,STAR,10,2460
8,2,4,STAR,11,2551
8,2,4,STAR,12,2338
8,2,4,STAR,13,2563
8,2,4,STAR,14,2575
8,2,4,STAR,15,2507
8,2,4,STAR,16,2436
8,2,4,STAR,17,2609
8,2,4,STAR,18,2434
8,2,4,STAR,19,2406
8,2,4,CYCLE,0,2544
8,2,4,CYCLE,1,2577
8,2,4,CYCLE,2,2745
8,2,4,CYCLE,3,2404
8,2,4,CYCLE,4,2725
8,2,4,CYCLE,5,2458
8,2,4,CYCLE,6,2453
8,2,4,CYCLE,7,2574
8,2,4,CYCLE,8,2836
8,2,4,CYCLE,9,2617
8,2,4,CYCLE,10,2579
8,2,4,CYCLE,11,2536
8,2,4,CYCLE,12,2639
8,2,4,CYCLE,13,2610
8,2,4,CYCLE,14,2846
8,2,4,CYCLE,15,2539
8,2,4,CYCLE,16,2568
8,2,4,CYCLE,17,2564
8,2,4,CYCLE,18,2660
8,2,4,CYCLE,19,2563
8,3,0,CHAIN,0,1043
8,3,0,CHAIN,1,1044
8,3,0,CHAIN,2,974
8,3,0,CHAIN,3,1088
8,3,0,CHAIN,4,991
8,3,0,CHAIN,5,1137
8,3,0,CHAIN,6,979
8,3,0,CHAIN,7,1059
8,3,0,CHAIN,8,1087
8,3,0,CHAIN,9,1085
8,3,0,CHAIN,10,952
8,3,0,CHAIN,11,989
8,3,0,CHAIN,12,1073
8,3,0,CHAIN,13,1146
8,3,0,CHAIN,14,1066
8,3,0,CHAIN,15,994
8,3,0,CHAIN,16,1118
8,3,0,CHAIN,17,994
8,3,0,CHAIN,18,1060
8,3,0,CHAIN,19,953
8,3,0,STAR,0,1033
8,3,0,STAR,1,1038
8,3,0,STAR,2,982
8,3,0,STAR,3,984
8,3,0,STAR,4,1000
8,3,0,STAR,5,1025
8,3,0,STAR,6,1119
8,3,0,STAR,7,1007
8,3,0,STAR,8,1020
8,3,0,STAR,9,1179
8,3,0,STAR,10,1007
8,3,0,STAR,11,1068
8,3,0,STAR,12,1041
8,3,0,STAR,13,1120
8,3,0,STAR,14,933
8,3,0,STAR,15,1019
8,3,0,STAR,16,1102
8,3,0,STAR,17,1100
8,3,0,STAR,18,996
8,3,0,STAR,19,1062
8,3,0,CYCLE,0,1073
8,3,0,CYCLE,1,1115
8,3,0,CYCLE,2,1097
8,3,0,CYCLE,3,1043
8,3,0,CYCLE,4,1068
8,3,0,CYCLE,5,1084
8,3,0,CYCLE,6,1026
8,3,0,CYCLE,7,1012
8,3,0,CYCLE,8,971
8,3,0,CYCLE,9,993
8,3,0,CYCLE,10,1062
8,3,0,CYCLE,11,1092
8,3,0,CYCLE,12,1161
8,3,0,CYCLE,13,1015
8,3,0,CYCLE,14,1133
8,3,0,CYCLE,15,1076
8,3,0,CYCLE,16,1185
8,3,0,CYCLE,17,1079
8,3,0,CYCLE,18,1001
8,3,0,CYCLE,19,1015
8,3,2,CHAIN,0,2311
8,3,2,CHAIN,1,2187
8,3,2,CHAIN,2,2146
8,3,2,CHAIN,3,2050
8,3,2,CHAIN,4,2164
8,3,2,CHAIN,5,2057
8,3,2,CHAIN,6,2082
8,3,2,CHAIN,7,2315
8,3,2,CHAIN,8,2116
8,3,2,CHAIN,9,2098
8,3,2,CHAIN,10,2089
8,3,2,CHAIN,11,2291
8,3,2,CHAIN,12,2374
8,3,2,CHAIN,13,2203
8,3,2,CHAIN,14,2262
8,3,2,CHAIN,15,2354
8,3,2,CHAIN,16,2345
8,3,2,CHAIN,17,2046
8,3,2,CHAIN,18,2400
8,3,2,CHAIN,19,2340
8,3,2,STAR,0,2338
8,3,2,STAR,1,2108
8,3,2,STAR,2,2348
8,3,2,STAR,3,2112
8,3,2,STAR,4,2191
8,3,2,STAR,5,2024
8,3,2,STAR,6,2039
8,3,2,STAR,7,2131
8,3,2,STAR,8,2223
8,3,2,STAR,9,2260
8,3,2,STAR,10,2075
8,3,2,STAR,11,2082
8,3,2,STAR,12,2042
8,3,2,STAR,13,2231
8,3,2,STAR,14,2265
8,3,2,STAR,15,2081
8,3,2,STAR,16,2007
8,3,2,STAR,17,2318
8,3,2,STAR,18,2251
8,3,2,STAR,19,2270
8,3,2,CYCLE,0,2290
8,3,2,CYCLE,1,2236
8,3,2,CYCLE,2,2516
8,3,2,CYCLE,3,2248
8,3,2,CYCLE,4,2220
8,3,2,CYCLE,5,2160
8,3,2,CYCLE,6,2397
8,3,2,CYCLE,7,2279
8,3,2,CYCLE,8,2230
8,3,2,CYCLE,9,2203
8,3,2,CYCLE,10,2255
8,3,2,CYCLE,11,2293
8,3,2,CYCLE,12,2415
8,3,2,CYCLE,13,2180
8,3,2,CYCLE,14,2573
8,3,2,CYCLE,15,2387
8,3,2,CYCLE,16,2253
8,3,2,CYCLE,17,2255
8,3,2,CYCLE,18,2161
8,3,2,CYCLE,19,2194
8,3,4,CHAIN,0,3444
8,3,4,CHAIN,1,3625
8,3,4,CHAIN,2,3446
8,3,4,CHAIN,3,3435
8,3,4,CHAIN,4,3525
8,3,4,CHAIN,5,3780
8,3,4,CHAIN,6,3458
8,3,4,CHAIN,7,3696
8,3,4,CHAIN,8,3567
8,3,4,CHAIN,9,3537
8,3,4,CHAIN,10,3428
8,3,4,CHAIN,11,3757
8,3,4,CHAIN,12,3590
8,3,4,CHAIN,13,3505
8,3,4,CHAIN,14,3564
8,3,4,CHAIN,15,3299
8,3,4,CHAIN,16,3648
8,3,4,CHAIN,17,3394
8,3,4,CHAIN,18,3622
8,3,4,CHAIN,19,3593
8,3,4,STAR,0,3576
8,3,4,STAR,1,3385
8,3,4,STAR,2,3435
8,3,4,STAR,3,3438
8,3,4,STAR,4,3463
8,3,4,STAR,5,3343
8,3,4,STAR,6,3450
8,3,4,STAR,7,3458
8,3,4,STAR,8,3450
8,3,4,STAR,9,3566
8,3,4,STAR,10,3646
8,3,4,STAR,11,3247
8,3,4,STAR,12,3463
8,3,4,STAR,13,3468
8,3,4,STAR,14,3607
8,3,4,STAR,15,3317
8,3,4,STAR,16,3317
8,3,4,STAR,17,3361
8,3,4,STAR,18,3653
8,3,4,STAR,19,3393
8,3,4,CYCLE,0,3938
8,3,4,CYCLE,1,3912
8,3,4,CYCLE,2,4109
8,3,4,CYCLE,3,3305
8,3,4,CYCLE,4,3617
8,3,4,CYCLE,5,3568
8,3,4,CYCLE,6,3681
8,3,4,CYCLE,7,3623
8,3,4,CYCLE,8,3949
8,3,4,CYCLE,9,3563
8,3,4,CYCLE,10,3855
8,3,4,CYCLE,11,3930
8,3,4,CYCLE,12,3727
8,3,4,CYCLE,13,3818
8,3,4,CYCLE,14,3657
8,3,4,CYCLE,15,4003
8,3,4,CYCLE,16,3646
8,3,4,CYCLE,17,3581
8,3,4,CYCLE,18,3855
8,3,4,CYCLE,19,3984
8,4,0,CHAIN,0,1100
8,4,0,CHAIN,1,1209
8,4,0,CHAIN,2,1118
8,4,0,CHAIN,3,1205
8,4,0,CHAIN,4,1165
8,4,0,CHAIN,5,1178
8,4,0,CHAIN,6,1200
8,4,0,CHAIN,7,1158
8,4,0,CHAIN,8,1183
8,4,0,CHAIN,9,1363
8,4,0,CHAIN,10,1102
8,4,0,CHAIN,11,1179
8,4,0,CHAIN,12,1238
8,4,0,CHAIN,13,1274
8,4,0,CHAIN,14,1251
8,4,0,CHAIN,15,1341
8,4,0,CHAIN,16,1238
8,4,0,CHAIN,17,1279
8,4,0,CHAIN,18,1228
8,4,0,CHAIN,19,1157
8,4,0,STAR,0,1167
8,4,0,STAR,1,1157
8,4,0,STAR,2,1124
8,4,0,STAR,3,1167
8,4,0,STAR,4,1186
8,4,0,STAR,5,1186
8,4,0,STAR,6,1297
8,4,0,STAR,7,1116
8,4,0,STAR,8,1153
8,4,0,STAR,9,1304
8,4,0,STAR,10,1444
8,4,0,STAR,11,1086
8,4,0,STAR,12,1269
8,4,0,STAR,13,1220
8,4,0,STAR,14,1080
8,4,0,STAR,15,1153
8,4,0,STAR,16,1161
8,4,0,STAR,17,1188
8,4,0,STAR,18,1159
8,4,0,STAR,19,1346
8,4,0,CYCLE,0,1318
8,4,0,CYCLE,1,1190
8,4,0,CYCLE,2,1225
8,4,0,CYCLE,3,1137
8,4,0,CYCLE,4,1299
8,4,0,CYCLE,5,1300
8,4,0,CYCLE,6,1363
8,4,0,CYCLE,7,1156
8,4,0,CYCLE,8,1132
8,4,0,CYCLE,9,1231
8,4,0,CYCLE,10,1303
8,4,0,CYCLE,11,1243
8,4,0,CYCLE,12,1280
8,4,0,CYCLE,13,1263
8,4,0,CYCLE,14,1177
8,4,0,CYCLE,15,1160
8,4,0,CYCLE,16,1216
8,4,0,CYCLE,17,1311
8,4,0,CYCLE,18,1164
8,4,0,CYCLE,19,1210
8,4,2,CHAIN,0,2612
8,4,2,CHAIN,1,2823
8,4,2,CHAIN,2,2691
8,4,2,CHAIN,3,2769
8,4,2,CHAIN,4,2788
8,4,2,CHAIN,5,2598
8,4,2,CHAIN,6,2644
8,4,2,CHAIN,7,2572
8,4,2,CHAIN,8,2607
8,4,2,CHAIN,9,2900
8,4,2,CHAIN,10,2923
8,4,2,CHAIN,11,2903
8,4,2,CHAIN,12,2719
8,4,2,CHAIN,13,2756
8,4,2,CHAIN,14,2898
8,4,2,CHAIN,15,2691
8,4,2,CHAIN,16,2668
8,4,2,CHAIN,17,2483
8,4,2,CHAIN,18,2921
8,4,2,CHAIN,19,2643
8,4,2,STAR,0,2577
8,4,2,STAR,1,2896
8,4,2,STAR,2,2623
8,4,2,STAR,3,2509
8,4,2,STAR,4,2499
8,4,2,STAR,5,2961
8,4,2,STAR,6,2662
8,4,2,STAR,7,2707
8,4,2,STAR,8,2570
8,4,2,STAR,9,2888
8,4,2,STAR,10,2571
8,4,2,STAR,11,2747
8,4,2,STAR,12,2681
8,4,2,STAR,13,2637
8,4,2,STAR,14,2734
8,4,2,STAR,15,2617
8,4,2,STAR,16,2549
8,4,2,STAR,17,2694
8,4,2,STAR,18,2886
8,4,2,STAR,19,2743
8,4,2,CYCLE,0,2755
8,4,2,CYCLE,1,2704
8,4,2,CYCLE,2,3053
8,4,2,CYCLE,3,2815
8,4,2,CYCLE,4,3139
8,4,2,CYCLE,5,3171
8,4,2,CYCLE,6,2741
8,4,2,CYCLE,7,3085
8,4,2,CYCLE,8,2647
8,4,2,CYCLE,9,2878
8,4,2,CYCLE,10,2797
8,4,2,CYCLE,11,2730
8,4,2,CYCLE,12,2908
8,4,2,CYCLE,13,3055
8,4,2,CYCLE,14,2735
8,4,2,CYCLE,15,2627
8,4,2,CYCLE,16,2776
8,4,2,CYCLE,17,3061
8,4,2,CYCLE,18,3125
8,4,2,CYCLE,19,2999
8,5,0,CHAIN,0,1414
8,5,0,CHAIN,1,1435
8,5,0,CHAIN,2,1261
8,5,0,CHAIN,3,1288
8,5,0,CHAIN,4,1411
8,5,0,CHAIN,5,1458
8,5,0,CHAIN,6,1445
8,5,0,CHAIN,7,1417
8,5,0,CHAIN,8,1332
8,5,0,CHAIN,9,1390
8,5,0,CHAIN,10,1344
8,5,0,CHAIN,11,1364
8,5,0,CHAIN,12,1397
8,5,0,CHAIN,13,1599
8,5,0,CHAIN,14,1542
8,5,0,CHAIN,15,1291
8,5,0,CHAIN,16,1524
8,5,0,CHAIN,17,1250
8,5,0,CHAIN,18,1294
8,5,0,CHAIN,19,1225
8,5,0,STAR,0,1425
8,5,0,STAR,1,1345
8,5,0,STAR,2,1320
8,5,0,STAR,3,1196
8,5,0,STAR,4,1312
8,5,0,STAR,5,1223
8,5,0,STAR,6,1409
8,5,0,STAR,7,1363
8,5,0,STAR,8,1404
8,5,0,STAR,9,1473
8,5,0,STAR,10,1266
8,5,0,STAR,11,1231
8,5,0,STAR,12,1421
8,5,0,STAR,13,1430
8,5,0,STAR,14,1252
8,5,0,STAR,15,1271
8,5,0,STAR,16,1398
8,5,0,STAR,17,1344
8,5,0,STAR,18,1264
8,5,0,STAR,19,1486
8,5,0,CYCLE,0,1431
8,5,0,CYCLE,1,1331
8,5,0,CYCLE,2,1366
8,5,0,CYCLE,3,1396
8,5,0,CYCLE,4,1302
8,5,0,CYCLE,5,1329
8,5,0,CYCLE,6,1351
8,5,0,CYCLE,7,1330
8,5,0,CYCLE,8,1335
8,5,0,CYCLE,9,1378
8,5,0,CYCLE,10,1345
8,5,0,CYCLE,11,1586
8,5,0,CYCLE,12,1467
8,5,0,CYCLE,13,1346
8,5,0,CYCLE,14,1397
8,5,0,CYCLE,15,1578
8,5,0,CYCLE,16,1493
8,5,0,CYCLE,17,1477
8,5,0,CYCLE,18,1302
8,5,0,CYCLE,19,1398
8,5,2,CHAIN,0,3120
8,5,2,CHAIN,1,3336
8,5,2,CHAIN,2,3594
8,5,2,CHAIN,3,2927
8,5,2,CHAIN,4,3011
8,5,2,CHAIN,5,3096
8,5,2,CHAIN,6,3507
8,5,2,CHAIN,7,3225
8,5,2,CHAIN,8,3468
8,5,2,CHAIN,9,3225
8,5,2,CHAIN,10,3657
8,5,2,CHAIN,11,3587
8,5,2,CHAIN,12,3106
8,5,2,CHAIN,13,3270
8,5,2,CHAIN,14,3379
8,5,2,CHAIN,15,3100
8,5,2,CHAIN,16,3087
8,5,2,CHAIN,17,3309
8,5,2,CHAIN,18,3068
8,5,2,CHAIN,19,3521
8,5,2,STAR,0,3695
8,5,2,STAR,1,3293
8,5,2,STAR,2,3627
8,5,2,STAR,3,3351
8,5,2,STAR,4,2980
8,5,2,STAR,5,3365
8,5,2,STAR,6,3152
8,5,2,STAR,7,0
8,5,2,STAR,8,3136
8,5,2,STAR,9,3208
8,5,2,STAR,10,3145
8,5,2,STAR,11,3450
8,5,2,STAR,12,3842
8,5,2,STAR,13,3081
8,5,2,STAR,14,3682
8,5,2,STAR,15,3858
8,5,2,STAR,16,3183
8,5,2,STAR,17,3138
8,5,2,STAR,18,3222
8,5,2,STAR,19,3241
8,5,2,CYCLE,0,3522
8,5,2,CYCLE,1,3429
8,5,2,CYCLE,2,3120
8,5,2,CYCLE,3,3569
8,5,2,CYCLE,4,3329
8,5,2,CYCLE,5,3355
8,5,2,CYCLE,6,3135
8,5,2,CYCLE,7,3306
8,5,2,CYCLE,8,3552
8,5,2,CYCLE,9,3176
8,5,2,CYCLE,10,3275
8,5,2,CYCLE,11,3223
8,5,2,CYCLE,12,3239
8,5,2,CYCLE,13,3792
8,5,2,CYCLE,14,3402
8,5,2,CYCLE,15,3625
8,5,2,CYCLE,16,3170
8,5,2,CYCLE,17,3798
8,5,2,CYCLE,18,3323
8,5,2,CYCLE,19,3371
8,6,0,CHAIN,0,1501
8,6,0,CHAIN,1,1601
8,6,0,CHAIN,2,1435
8,6,0,CHAIN,3,1400
8,6,0,CHAIN,4,1548
8,6,0,CHAIN,5,1654
8,6,0,CHAIN,6,1453
8,6,0,CHAIN,7,1576
8,6,0,CHAIN,8,1725
8,6,0,CHAIN,9,1541
8,6,0,CHAIN,10,1413
8,6,0,CHAIN,11,1435
8,6,0,CHAIN,12,1619
8,6,0,CHAIN,13,1624
8,6,0,CHAIN,14,1638
8,6,0,CHAIN,15,1604
8,6,0,CHAIN,16,1645
8,6,0,CHAIN,17,1317
8,6,0,CHAIN,18,1641
8,6,0,CHAIN,19,1549
8,6,0,STAR,0,1458
8,6,0,STAR,1,1524
8,6,0,STAR,2,1351
8,6,0,STAR,3,1429
8,6,0,STAR,4,1445
8,6,0,STAR,5,1460
8,6,0,STAR,6,1660
8,6,0,STAR,7,1506
8,6,0,STAR,8,1497
8,6,0,STAR,9,1883
8,6,0,STAR,10,1577
8,6,0,STAR,11,1547
8,6,0,STAR,12,1555
8,6,0,STAR,13,1466
8,6,0,STAR,14,1374
8,6,0,STAR,15,1571
8,6,0,STAR,16,1846
8,6,0,STAR,17,1564
8,6,0,STAR,18,1635
8,6,0,STAR,19,1561
8,6,0,CYCLE,0,1575
8,6,0,CYCLE,1,1551
8,6,0,CYCLE,2,1513
8,6,0,CYCLE,3,1550
8,6,0,CYCLE,4,1652
8,6,0,CYCLE,5,1501
8,6,0,CYCLE,6,1576
8,6,0,CYCLE,7,1455
8,6,0,CYCLE,8,1526
8,6,0,CYCLE,9,1446
8,6,0,CYCLE,10,1614
8,6,0,CYCLE,11,1680
8,6,0,CYCLE,12,1540
8,6,0,CYCLE,13,1583
8,6,0,CYCLE,14,1542
8,6,0,CYCLE,15,1443
8,6,0,CYCLE,16,2197
8,6,0,CYCLE,17,1771
8,6,0,CYCLE,18,1449
8,6,0,CYCLE,19,1578
8,6,2,CHAIN,0,0
8,6,2,CHAIN,1,3605
8,6,2,CHAIN,2,4269
8,6,2,CHAIN,3,4045
8,6,2,CHAIN,4,4355
8,6,2,CHAIN,5,3821
8,6,2,CHAIN,6,3665
8,6,2,CHAIN,7,3791
8,6,2,CHAIN,8,3777
8,6,2,CHAIN,9,3745
8,6,2,CHAIN,10,3992
8,6,2,CHAIN,11,3902
8,6,2,CHAIN,12,4435
8,6,2,CHAIN,13,3862
8,6,2,CHAIN,14,3833
8,6,2,CHAIN,15,3798
8,6,2,CHAIN,16,0
8,6,2,CHAIN,17,3406
8,6,2,CHAIN,18,4296
8,6,2,CHAIN,19,0
8,6,2,STAR,0,0
8,6,2,STAR,1,3567
8,6,2,STAR,2,0
8,6,2,STAR,3,3571
8,6,2,STAR,4,3418
8,6,2,STAR,5,3906
8,6,2,STAR,6,3909
8,6,2,STAR,7,0
8,6,2,STAR,8,3895
8,6,2,STAR,9,4144
8,6,2,STAR,10,4514
8,6,2,STAR,11,4132
8,6,2,STAR,12,4119
8,6,2,STAR,13,0
8,6,2,STAR,14,3993
8,6,2,STAR,15,3462
8,6,2,STAR,16,3475
8,6,2,STAR,17,3705
8,6,2,STAR,18,4080
8,6,2,STAR,19,0
8,6,2,CYCLE,0,0
8,6,2,CYCLE,1,4038
8,6,2,CYCLE,2,4048
8,6,2,CYCLE,3,3779
8,6,2,CYCLE,4,0
8,6,2,CYCLE,5,4374
8,6,2,CYCLE,6,3757
8,6,2,CYCLE,7,3805
8,6,2,CYCLE,8,3967
8,6,2,CYCLE,9,4445
8,6,2,CYCLE,10,4069
8,6,2,CYCLE,11,3832
8,6,2,CYCLE,12,3672
8,6,2,CYCLE,13,0
8,6,2,CYCLE,14,4404
8,6,2,CYCLE,15,0
8,6,2,CYCLE,16,4089
8,6,2,CYCLE,17,0
8,6,2,CYCLE,18,0
8,6,2,CYCLE,19,4416
8,7,0,CHAIN,0,1725
8,7,0,CHAIN,1,1605
8,7,0,CHAIN,2,1535
8,7,0,CHAIN,3,1540
8,7,0,CHAIN,4,1609
8,7,0,CHAIN,5,1758
8,7,0,CHAIN,6,1493
8,7,0,CHAIN,7,1546
8,7,0,CHAIN,8,1801
8,7,0,CHAIN,9,1815
8,7,0,CHAIN,10,1791
8,7,0,CHAIN,11,1569
8,7,0,CHAIN,12,1811
8,7,0,CHAIN,13,1696
8,7,0,CHAIN,14,1653
8,7,0,CHAIN,15,1663
8,7,0,CHAIN,16,1852
8,7,0,CHAIN,17,1469
8,7,0,CHAIN,18,1589
8,7,0,CHAIN,19,1724
8,7,0,STAR,0,1622
8,7,0,STAR,1,1480
8,7,0,STAR,2,1710
8,7,0,STAR,3,1616
8,7,0,STAR,4,1538
8,7,0,STAR,5,1551
8,7,0,STAR,6,1749
8,7,0,STAR,7,1510
8,7,0,STAR,8,1658
8,7,0,STAR,9,1989
8,7,0,STAR,10,1598
8,7,0,STAR,11,1585
8,7,0,STAR,12,1759
8,7,0,STAR,13,1680
8,7,0,STAR,14,1569
8,7,0,STAR,15,1525
8,7,0,STAR,16,1726
8,7,0,STAR,17,1859
8,7,0,STAR,18,1633
8,7,0,STAR,19,1593
8,7,0,CYCLE,0,1766
8,7,0,CYCLE,1,1746
8,7,0,CYCLE,2,1713
8,7,0,CYCLE,3,1772
8,7,0,CYCLE,4,1578
8,7,0,CYCLE,5,1865
8,7,0,CYCLE,6,2070
8,7,0,CYCLE,7,1534
8,7,0,CYCLE,8,1662
8,7,0,CYCLE,9,1476
8,7,0,CYCLE,10,1740
8,7,0,CYCLE,11,1774
8,7,0,CYCLE,12,1699
8,7,0,CYCLE,13,1847
8,7,0,CYCLE,14,1656
8,7,0,CYCLE,15,1738
8,7,0,CYCLE,16,1733
8,7,0,CYCLE,17,1758
8,7,0,CYCLE,18,1608
8,7,0,CYCLE,19,1634
8,8,0,CHAIN,0,1713
8,8,0,CHAIN,1,1771
8,8,0,CHAIN,2,1873
8,8,0,CHAIN,3,1643
8,8,0,CHAIN,4,1809
8,8,0,CHAIN,5,1832
8,8,0,CHAIN,6,1798
8,8,0,CHAIN,7,1705
8,8,0,CHAIN,8,1942
8,8,0,CHAIN,9,2131
8,8,0,CHAIN,10,1922
8,8,0,CHAIN,11,1899
8,8,0,CHAIN,12,1999
8,8,0,CHAIN,13,2021
8,8,0,CHAIN,14,1851
8,8,0,CHAIN,15,1663
8,8,0,CHAIN,16,1920
8,8,0,CHAIN,17,1589
8,8,0,CHAIN,18,1766
8,8,0,CHAIN,19,1630
8,8,0,STAR,0,1841
8,8,0,STAR,1,1824
8,8,0,STAR,2,1775
8,8,0,STAR,3,1657
8,8,0,STAR,4,1779
8,8,0,STAR,5,1738
8,8,0,STAR,6,2352
8,8,0,STAR,7,1757
8,8,0,STAR,8,1815
8,8,0,STAR,9,2029
8,8,0,STAR,10,1720
8,8,0,STAR,11,1852
8,8,0,STAR,12,1770
8,8,0,STAR,13,1761
8,8,0,STAR,14,1766
8,8,0,STAR,15,1744
8,8,0,STAR,16,1843
8,8,0,STAR,17,1752
8,8,0,STAR,18,1738
8,8,0,STAR,19,1912
8,8,0,CYCLE,0,1875
8,8,0,CYCLE,1,1872
8,8,0,CYCLE,2,2000
8,8,0,CYCLE,3,1908
8,8,0,CYCLE,4,1760
8,8,0,CYCLE,5,1678
8,8,0,CYCLE,6,2082
8,8,0,CYCLE,7,1820
8,8,0,CYCLE,8,1741
8,8,0,CYCLE,9,1703
8,8,0,CYCLE,10,1848
8,8,0,CYCLE,11,1908
8,8,0,CYCLE,12,2060
8,8,0,CYCLE,13,1894
8,8,0,CYCLE,14,1923
8,8,0,CYCLE,15,1839
8,8,0,CYCLE,16,1999
8,8,0,CYCLE,17,2038
8,8,0,CYCLE,18,1651
8,8,0,CYCLE,19,1654
8,9,0,CHAIN,0,2004
8,9,0,CHAIN,1,2057
8,9,0,CHAIN,2,1982
8,9,0,CHAIN,3,1928
8,9,0,CHAIN,4,2067
8,9,0,CHAIN,5,2004
8,9,0,CHAIN,6,1857
8,9,0,CHAIN,7,1987
8,9,0,CHAIN,8,2147
8,9,0,CHAIN,9,1973
8,9,0,CHAIN,10,1937
8,9,0,CHAIN,11,2152
8,9,0,CHAIN,12,2286
8,9,0,CHAIN,13,2122
8,9,0,CHAIN,14,1991
8,9,0,CHAIN,15,2118
8,9,0,CHAIN,16,2092
8,9,0,CHAIN,17,1833
8,9,0,CHAIN,18,1857
8,9,0,CHAIN,19,2120
8,9,0,STAR,0,1934
8,9,0,STAR,1,1810
8,9,0,STAR,2,2048
8,9,0,STAR,3,1818
8,9,0,STAR,4,2027
8,9,0,STAR,5,2091
8,9,0,STAR,6,2233
8,9,0,STAR,7,1806
8,9,0,STAR,8,2096
8,9,0,STAR,9,2066
8,9,0,STAR,10,1926
8,9,0,STAR,11,1781
8,9,0,STAR,12,2116
8,9,0,STAR,13,2052
8,9,0,STAR,14,1866
8,9,0,STAR,15,1982
8,9,0,STAR,16,2050
8,9,0,STAR,17,2170
8,9,0,STAR,18,1850
8,9,0,STAR,19,1952
8,9,0,CYCLE,0,2200
8,9,0,CYCLE,1,2027
8,9,0,CYCLE,2,1882
8,9,0,CYCLE,3,1956
8,9,0,CYCLE,4,1972
8,9,0,CYCLE,5,2050
8,9,0,CYCLE,6,2176
8,9,0,CYCLE,7,1941
8,9,0,CYCLE,8,2010
8,9,0,CYCLE,9,1822
8,9,0,CYCLE,10,1933
8,9,0,CYCLE,11,2059
8,9,0,CYCLE,12,2176
8,9,0,CYCLE,13,2014
8,9,0,CYCLE,14,2206
8,9,0,CYCLE,15,1970
8,9,0,CYCLE,16,2026
8,9,0,CYCLE,17,2174
8,9,0,CYCLE,18,1828
8,9,0,CYCLE,19,1814
8,10,0,CHAIN,0,2524
8,10,0,CHAIN,1,2220
8,10,0,CHAIN,2,2030
8,10,0,CHAIN,3,1952
8,10,0,CHAIN,4,2135
8,10,0,CHAIN,5,2320
8,10,0,CHAIN,6,1926
8,10,0,CHAIN,7,2157
8,10,0,CHAIN,8,2156
8,10,0,CHAIN,9,2231
8,10,0,CHAIN,10,2044
8,10,0,CHAIN,11,2191
8,10,0,CHAIN,12,2434
8,10,0,CHAIN,13,2306
8,10,0,CHAIN,14,2189
8,10,0,CHAIN,15,2110
8,10,0,CHAIN,16,2646
8,10,0,CHAIN,17,1967
8,10,0,CHAIN,18,2016
8,10,0,CHAIN,19,2073
8,10,0,STAR,0,2212
8,10,0,STAR,1,2234
8,10,0,STAR,2,2079
8,10,0,STAR,3,2240
8,10,0,STAR,4,2157
8,10,0,STAR,5,2316
8,10,0,STAR,6,2284
8,10,0,STAR,7,2202
8,10,0,STAR,8,2387
8,10,0,STAR,9,2420
8,10,0,STAR,10,2368
8,10,0,STAR,11,2006
8,10,0,STAR,12,2429
8,10,0,STAR,13,2163
8,10,0,STAR,14,1915
8,10,0,STAR,15,2008
8,10,0,STAR,16,2141
8,10,0,STAR,17,2473
8,10,0,STAR,18,2227
8,10,0,STAR,19,2023
8,10,0,CYCLE,0,2337
8,10,0,CYCLE,1,2400
8,10,0,CYCLE,2,2222
8,10,0,CYCLE,3,2346
8,10,0,CYCLE,4,2257
8,10,0,CYCLE,5,1961
8,10,0,CYCLE,6,2523
8,10,0,CYCLE,7,2064
8,10,0,CYCLE,8,2073
8,10,0,CYCLE,9,2058
8,10,0,CYCLE,10,2213
8,10,0,CYCLE,11,2253
8,10,0,CYCLE,12,2507
8,10,0,CYCLE,13,2268
8,10,0,CYCLE,14,2250
8,10,0,CYCLE,15,2002
8,10,0,CYCLE,16,2445
8,10,0,CYCLE,17,2359
8,10,0,CYCLE,18,2352
8,10,0,CYCLE,19,2101
8,11,0,CHAIN,0,2321
8,11,0,CHAIN,1,2382
8,11,0,CHAIN,2,2233
8,11,0,CHAIN,3,2309
8,11,0,CHAIN,4,2450
8,11,0,CHAIN,5,2454
8,11,0,CHAIN,6,2094
8,11,0,CHAIN,7,2219
8,11,0,CHAIN,8,2614
8,11,0,CHAIN,9,2593
8,11,0,CHAIN,10,2485
8,11,0,CHAIN,11,2314
8,11,0,CHAIN,12,2936
8,11,0,CHAIN,13,2701
8,11,0,CHAIN,14,2616
8,11,0,CHAIN,15,2533
8,11,0,CHAIN,16,2573
8,11,0,CHAIN,17,1939
8,11,0,CHAIN,18,2514
8,11,0,CHAIN,19,2114
8,11,0,STAR,0,2483
8,11,0,STAR,1,2220
8,11,0,STAR,2,2335
8,11,0,STAR,3,2136
8,11,0,STAR,4,2299
8,11,0,STAR,5,2189
8,11,0,STAR,6,2562
8,11,0,STAR,7,2161
8,11,0,STAR,8,2238
8,11,0,STAR,9,2512
8,11,0,STAR,10,2491
8,11,0,STAR,11,2114
8,11,0,STAR,12,2347
8,11,0,STAR,13,2329
8,11,0,STAR,14,1944
8,11,0,STAR,15,2266
8,11,0,STAR,16,2233
8,11,0,STAR,17,2600
8,11,0,STAR,18,2493
8,11,0,STAR,19,2342
8,11,0,CYCLE,0,2463
8,11,0,CYCLE,1,2237
8,11,0,CYCLE,2,2326
8,11,0,CYCLE,3,2433
8,11,0,CYCLE,4,2233
8,11,0,CYCLE,5,2251
8,11,0,CYCLE,6,2297
8,11,0,CYCLE,7,2528
8,11,0,CYCLE,8,2197
8,11,0,CYCLE,9,2192
8,11,0,CYCLE,10,2375
8,11,0,CYCLE,11,2475
8,11,0,CYCLE,12,2779
8,11,0,CYCLE,13,2374
8,11,0,CYCLE,14,2210
8,11,0,CYCLE,15,2303
8,11,0,CYCLE,16,2351
8,11,0,CYCLE,17,2683
8,11,0,CYCLE,18,2210
8,11,0,CYCLE,19,2240
8,12,0,CHAIN,0,2666
8,12,0,CHAIN,1,2528
8,12,0,CHAIN,2,2447
8,12,0,CHAIN,3,2529
8,12,0,CHAIN,4,2491
8,12,0,CHAIN,5,2467
8,12,0,CHAIN,6,2489
8,12,0,CHAIN,7,2569
8,12,0,CHAIN,8,2741
8,12,0,CHAIN,9,2718
8,12,0,CHAIN,10,2404
8,12,0,CHAIN,11,2610
8,12,0,CHAIN,12,2673
8,12,0,CHAIN,13,2833
8,12,0,CHAIN,14,2534
8,12,0,CHAIN,15,2859
8,12,0,CHAIN,16,2701
8,12,0,CHAIN,17,2315
8,12,0,CHAIN,18,2427
8,12,0,CHAIN,19,2169
8,12,0,STAR,0,2551
8,12,0,STAR,1,2365
8,12,0,STAR,2,2273
8,12,0,STAR,3,2642
8,12,0,STAR,4,2409
8,12,0,STAR,5,2645
8,12,0,STAR,6,3042
8,12,0,STAR,7,2444
8,12,0,STAR,8,2519
8,12,0,STAR,9,2908
8,12,0,STAR,10,2596
8,12,0,STAR,11,2132
8,12,0,STAR,12,2633
8,12,0,STAR,13,2409
8,12,0,STAR,14,2050
8,12,0,STAR,15,2370
8,12,0,STAR,16,2799
8,12,0,STAR,17,2399
8,12,0,STAR,18,2402
8,12,0,STAR,19,2376
8,12,0,CYCLE,0,2449
8,12,0,CYCLE,1,2727
8,12,0,CYCLE,2,2669
8,12,0,CYCLE,3,2379
8,12,0,CYCLE,4,2619
8,12,0,CYCLE,5,2378
8,12,0,CYCLE,6,2523
8,12,0,CYCLE,7,2435
8,12,0,CYCLE,8,2401
8,12,0,CYCLE,9,2325
8,12,0,CYCLE,10,2625
8,12,0,CYCLE,11,2786
8,12,0,CYCLE,12,2578
8,12,0,CYCLE,13,2517
8,12,0,CYCLE,14,2537
8,12,0,CYCLE,15,2516
8,12,0,CYCLE,16,2488
8,12,0,CYCLE,17,2632
8,12,0,CYCLE,18,2464
8,12,0,CYCLE,19,2443
8,13,0,CHAIN,0,2807
8,13,0,CHAIN,1,2745
8,13,0,CHAIN,2,2728
8,13,0,CHAIN,3,2549
8,13,0,CHAIN,4,3108
8,13,0,CHAIN,5,2973
8,13,0,CHAIN,6,2545
8,13,0,CHAIN,7,2854
8,13,0,CHAIN,8,2737
8,13,0,CHAIN,9,2677
8,13,0,CHAIN,10,2439
8,13,0,CHAIN,11,2457
8,13,0,CHAIN,12,2973
8,13,0,CHAIN,13,3083
8,13,0,CHAIN,14,2722
8,13,0,CHAIN,15,2682
8,13,0,CHAIN,16,3080
8,13,0,CHAIN,17,2329
8,13,0,CHAIN,18,2465
8,13,0,CHAIN,19,2476
8,13,0,STAR,0,2699
8,13,0,STAR,1,2457
8,13,0,STAR,2,2437
8,13,0,STAR,3,2522
8,13,0,STAR,4,2845
8,13,0,STAR,5,2477
8,13,0,STAR,6,2983
8,13,0,STAR,7,2714
8,13,0,STAR,8,2982
8,13,0,STAR,9,3270
8,13,0,STAR,10,2900
8,13,0,STAR,11,2503
8,13,0,STAR,12,2837
8,13,0,STAR,13,2697
8,13,0,STAR,14,2268
8,13,0,STAR,15,2664
8,13,0,STAR,16,2857
8,13,0,STAR,17,2759
8,13,0,STAR,18,2219
8,13,0,STAR,19,2531
8,13,0,CYCLE,0,3025
8,13,0,CYCLE,1,2630
8,13,0,CYCLE,2,2569
8,13,0,CYCLE,3,2942
8,13,0,CYCLE,4,2985
8,13,0,CYCLE,5,2514
8,13,0,CYCLE,6,2790
8,13,0,CYCLE,7,2576
8,13,0,CYCLE,8,2392
8,13,0,CYCLE,9,2660
8,13,0,CYCLE,10,2993
8,13,0,CYCLE,11,3026
8,13,0,CYCLE,12,2873
8,13,0,CYCLE,13,3080
8,13,0,CYCLE,14,2784
8,13,0,CYCLE,15,2499
8,13,0,CYCLE,16,2775
8,13,0,CYCLE,17,3455
8,13,0,CYCLE,18,2402
8,13,0,CYCLE,19,2647
8,14,0,CHAIN,0,2614
8,14,0,CHAIN,1,3027
8,14,0,CHAIN,2,2597
8,14,0,CHAIN,3,2689
8,14,0,CHAIN,4,2911
8,14,0,CHAIN,5,2798
8,14,0,CHAIN,6,2801
8,14,0,CHAIN,7,2833
8,14,0,CHAIN,8,3364
8,14,0,CHAIN,9,2962
8,14,0,CHAIN,10,3060
8,14,0,CHAIN,11,2646
8,14,0,CHAIN,12,2956
8,14,0,CHAIN,13,2910
8,14,0,CHAIN,14,3063
8,14,0,CHAIN,15,2701
8,14,0,CHAIN,16,3183
8,14,0,CHAIN,17,2592
8,14,0,CHAIN,18,2651
8,14,0,CHAIN,19,2658
8,14,0,STAR,0,2761
8,14,0,STAR,1,2894
8,14,0,STAR,2,2986
8,14,0,STAR,3,2647
8,14,0,STAR,4,3075
8,14,0,STAR,5,3035
8,14,0,STAR,6,3333
8,14,0,STAR,7,3191
8,14,0,STAR,8,3324
8,14,0,STAR,9,3237
8,14,0,STAR,10,2717
8,14,0,STAR,11,2534
8,14,0,STAR,12,2882
8,14,0,STAR,13,2984
8,14,0,STAR,14,2396
8,14,0,STAR,15,2554
8,14,0,STAR,16,2745
8,14,0,STAR,17,2965
8,14,0,STAR,18,2912
8,14,0,STAR,19,2787
8,14,0,CYCLE,0,2814
8,14,0,CYCLE,1,3007
8,14,0,CYCLE,2,3400
8,14,0,CYCLE,3,2696
8,14,0,CYCLE,4,2729
8,14,0,CYCLE,5,2804
8,14,0,CYCLE,6,2959
8,14,0,CYCLE,7,2992
8,14,0,CYCLE,8,2613
8,14,0,CYCLE,9,2530
8,14,0,CYCLE,10,2891
8,14,0,CYCLE,11,2902
8,14,0,CYCLE,12,2865
8,14,0,CYCLE,13,2762
8,14,0,CYCLE,14,2756
8,14,0,CYCLE,15,2958
8,14,0,CYCLE,16,2980
8,14,0,CYCLE,17,3193
8,14,0,CYCLE,18,2988
8,14,0,CYCLE,19,2728
8,15,0,CHAIN,0,2931
8,15,0,CHAIN,1,3145
8,15,0,CHAIN,2,2752
8,15,0,CHAIN,3,2697
8,15,0,CHAIN,4,3103
8,15,0,CHAIN,5,3028
8,15,0,CHAIN,6,2857
8,15,0,CHAIN,7,2929
8,15,0,CHAIN,8,2851
8,15,0,CHAIN,9,3012
8,15,0,CHAIN,10,3192
8,15,0,CHAIN,11,3179
8,15,0,CHAIN,12,3731
8,15,0,CHAIN,13,3530
8,15,0,CHAIN,14,3174
8,15,0,CHAIN,15,2930
8,15,0,CHAIN,16,2969
8,15,0,CHAIN,17,2552
8,15,0,CHAIN,18,2710
8,15,0,CHAIN,19,3009
8,15,0,STAR,0,3044
8,15,0,STAR,1,2783
8,15,0,STAR,2,2930
8,15,0,STAR,3,2733
8,15,0,STAR,4,2991
8,15,0,STAR,5,2812
8,15,0,STAR,6,3320
8,15,0,STAR,7,2994
8,15,0,STAR,8,2905
8,15,0,STAR,9,3433
8,15,0,STAR,10,3443
8,15,0,STAR,11,2764
8,15,0,STAR,12,3002
8,15,0,STAR,13,3319
8,15,0,STAR,14,2595
8,15,0,STAR,15,3156
8,15,0,STAR,16,3020
8,15,0,STAR,17,3298
8,15,0,STAR,18,2925
8,15,0,STAR,19,3205
8,15,0,CYCLE,0,3411
8,15,0,CYCLE,1,3022
8,15,0,CYCLE,2,3113
8,15,0,CYCLE,3,3045
8,15,0,CYCLE,4,3145
8,15,0,CYCLE,5,2919
8,15,0,CYCLE,6,3203
8,15,0,CYCLE,7,2759
8,15,0,CYCLE,8,3144
8,15,0,CYCLE,9,2913
8,15,0,CYCLE,10,2950
8,15,0,CYCLE,11,3114
8,15,0,CYCLE,12,3380
8,15,0,CYCLE,13,3151
8,15,0,CYCLE,14,3264
8,15,0,CYCLE,15,2804
8,15,0,CYCLE,16,3368
8,15,0,CYCLE,17,3193
8,15,0,CYCLE,18,2892
8,15,0,CYCLE,19,3106
8,16,0,CHAIN,0,3348
8,16,0,CHAIN,1,3359
8,16,0,CHAIN,2,3118
8,16,0,CHAIN,3,3450
8,16,0,CHAIN,4,3018
8,16,0,CHAIN,5,3200
8,16,0,CHAIN,6,3024
8,16,0,CHAIN,7,2872
8,16,0,CHAIN,8,3539
8,16,0,CHAIN,9,4041
8,16,0,CHAIN,10,3062
8,16,0,CHAIN,11,3410
8,16,0,CHAIN,12,3752
8,16,0,CHAIN,13,3693
8,16,0,CHAIN,14,3164
8,16,0,CHAIN,15,3232
8,16,0,CHAIN,16,3776
8,16,0,CHAIN,17,3322
8,16,0,CHAIN,18,3383
8,16,0,CHAIN,19,2952
8,16,0,STAR,0,3180
8,16,0,STAR,1,2840
8,16,0,STAR,2,3080
8,16,0,STAR,3,2884
8,16,0,STAR,4,3414
8,16,0,STAR,5,3643
8,16,0,STAR,6,3469
8,16,0,STAR,7,3334
8,16,0,STAR,8,3079
8,16,0,STAR,9,3711
8,16,0,STAR,10,3225
8,16,0,STAR,11,2835
8,16,0,STAR,12,3803
8,16,0,STAR,13,3148
8,16,0,STAR,14,2843
8,16,0,STAR,15,2946
8,16,0,STAR,16,3685
8,16,0,STAR,17,3607
8,16,0,STAR,18,2905
8,16,0,STAR,19,3057
8,16,0,CYCLE,0,3821
8,16,0,CYCLE,1,3367
8,16,0,CYCLE,2,3128
8,16,0,CYCLE,3,3256
8,16,0,CYCLE,4,3565
8,16,0,CYCLE,5,3425
8,16,0,CYCLE,6,3275
8,16,0,CYCLE,7,3072
8,16,0,CYCLE,8,3431
8,16,0,CYCLE,9,3241
8,16,0,CYCLE,10,3542
8,16,0,CYCLE,11,3536
8,16,0,CYCLE,12,3368
8,16,0,CYCLE,13,3338
8,16,0,CYCLE,14,3352
8,16,0,CYCLE,15,3432
8,16,0,CYCLE,16,3753
8,16,0,CYCLE,17,3383
8,16,0,CYCLE,18,2955
8,16,0,CYCLE,19,3080
8,17,0,CHAIN,0,3778
8,17,0,CHAIN,1,3682
8,17,0,CHAIN,2,3479
8,17,0,CHAIN,3,2980
8,17,0,CHAIN,4,3598
8,17,0,CHAIN,5,3342
8,17,0,CHAIN,6,3313
8,17,0,CHAIN,7,3280
8,17,0,CHAIN,8,4232
8,17,0,CHAIN,9,3653
8,17,0,CHAIN,10,3217
8,17,0,CHAIN,11,3631
8,17,0,CHAIN,12,0
8,17,0,CHAIN,13,3315
8,17,0,CHAIN,14,3785
8,17,0,CHAIN,15,3496
8,17,0,CHAIN,16,3940
8,17,0,CHAIN,17,2890
8,17,0,CHAIN,18,3380
8,17,0,CHAIN,19,3376
8,17,0,STAR,0,3483
8,17,0,STAR,1,3121
8,17,0,STAR,2,3073
8,17,0,STAR,3,3376
8,17,0,STAR,4,3538
8,17,0,STAR,5,3521
8,17,0,STAR,6,3884
8,17,0,STAR,7,3564
8,17,0,STAR,8,3256
8,17,0,STAR,9,0
8,17,0,STAR,10,3351
8,17,0,STAR,11,3033
8,17,0,STAR,12,3473
8,17,0,STAR,13,3206
8,17,0,STAR,14,3004
8,17,0,STAR,15,3310
8,17,0,STAR,16,3600
8,17,0,STAR,17,3553
8,17,0,STAR,18,3455
8,17,0,STAR,19,3419
8,17,0,CYCLE,0,3799
8,17,0,CYCLE,1,3373
8,17,0,CYCLE,2,3557
8,17,0,CYCLE,3,3333
8,17,0,CYCLE,4,3418
8,17,0,CYCLE,5,3635
8,17,0,CYCLE,6,3538
8,17,0,CYCLE,7,3244
8,17,0,CYCLE,8,3260
8,17,0,CYCLE,9,3304
8,17,0,CYCLE,10,3544
8,17,0,CYCLE,11,3920
8,17,0,CYCLE,12,0
8,17,0,CYCLE,13,3610
8,17,0,CYCLE,14,3428
8,17,0,CYCLE,15,3379
8,17,0,CYCLE,16,3495
8,17,0,CYCLE,17,4228
8,17,0,CYCLE,18,3342
8,17,0,CYCLE,19,3224
8,18,0,CHAIN,0,3423
8,18,0,CHAIN,1,3575
8,18,0,CHAIN,2,3435
8,18,0,CHAIN,3,0
8,18,0,CHAIN,4,3576
8,18,0,CHAIN,5,3668
8,18,0,CHAIN,6,3660
8,18,0,CHAIN,7,3728
8,18,0,CHAIN,8,4000
8,18,0,CHAIN,9,0
8,18,0,CHAIN,10,3652
8,18,0,CHAIN,11,3844
8,18,0,CHAIN,12,3753
8,18,0,CHAIN,13,3446
8,18,0,CHAIN,14,3623
8,18,0,CHAIN,15,3383
8,18,0,CHAIN,16,3615
8,18,0,CHAIN,17,3269
8,18,0,CHAIN,18,3523
8,18,0,CHAIN,19,3794
8,18,0,STAR,0,4121
8,18,0,STAR,1,3497
8,18,0,STAR,2,3538
8,18,0,STAR,3,3764
8,18,0,STAR,4,3808
8,18,0,STAR,5,3707
8,18,0,STAR,6,0
8,18,0,STAR,7,3932
8,18,0,STAR,8,3687
8,18,0,STAR,9,0
8,18,0,STAR,10,3467
8,18,0,STAR,11,3264
8,18,0,STAR,12,4080
8,18,0,STAR,13,3393
8,18,0,STAR,14,3312
8,18,0,STAR,15,0
8,18,0,STAR,16,3825
8,18,0,STAR,17,0
8,18,0,STAR,18,3521
8,18,0,STAR,19,0
8,18,0,CYCLE,0,0
8,18,0,CYCLE,1,4215
8,18,0,CYCLE,2,3880
8,18,0,CYCLE,3,3204
8,18,0,CYCLE,4,3589
8,18,0,CYCLE,5,3344
8,18,0,CYCLE,6,4412
8,18,0,CYCLE,7,3624
8,18,0,CYCLE,8,3777
8,18,0,CYCLE,9,3330
8,18,0,CYCLE,10,3689
8,18,0,CYCLE,11,3777
8,18,0,CYCLE,12,0
8,18,0,CYCLE,13,3515
8,18,0,CYCLE,14,3843
8,18,0,CYCLE,15,3715
8,18,0,CYCLE,16,0
8,18,0,CYCLE,17,0
8,18,0,CYCLE,18,3626
8,18,0,CYCLE,19,3317
8,19,0,CHAIN,0,3913
8,19,0,CHAIN,1,4060
8,19,0,CHAIN,2,0
8,19,0,CHAIN,3,3529
8,19,0,CHAIN,4,4016
8,19,0,CHAIN,5,0
8,19,0,CHAIN,6,3699
8,19,0,CHAIN,7,3802
8,19,0,CHAIN,8,0
8,19,0,CHAIN,9,0
8,19,0,CHAIN,10,3481
8,19,0,CHAIN,11,3657
8,19,0,CHAIN,12,0
8,19,0,CHAIN,13,0
8,19,0,CHAIN,14,0
8,19,0,CHAIN,15,4257
8,19,0,CHAIN,16,4218
8,19,0,CHAIN,17,3678
8,19,0,CHAIN,18,0
8,19,0,CHAIN,19,0
8,19,0,STAR,0,0
8,19,0,STAR,1,3203
8,19,0,STAR,2,3947
8,19,0,STAR,3,3839
8,19,0,STAR,4,4010
8,19,0,STAR,5,3641
8,19,0,STAR,6,4150
8,19,0,STAR,7,4079
8,19,0,STAR,8,3702
8,19,0,STAR,9,3989
8,19,0,STAR,10,3788
8,19,0,STAR,11,3684
8,19,0,STAR,12,3826
8,19,0,STAR,13,3829
8,19,0,STAR,14,3130
8,19,0,STAR,15,3824
8,19,0,STAR,16,0
8,19,0,STAR,17,3853
8,19,0,STAR,18,3636
8,19,0,STAR,19,4407
8,19,0,CYCLE,0,3777
8,19,0,CYCLE,1,3979
8,19,0,CYCLE,2,4324
8,19,0,CYCLE,3,3930
8,19,0,CYCLE,4,3906
8,19,0,CYCLE,5,3854
8,19,0,CYCLE,6,4132
8,19,0,CYCLE,7,3591
8,19,0,CYCLE,8,3589
8,19,0,CYCLE,9,3366
8,19,0,CYCLE,10,3900
8,19,0,CYCLE,11,4041
8,19,0,CYCLE,12,3993
8,19,0,CYCLE,13,0
8,19,0,CYCLE,14,4165
8,19,0,CYCLE,15,4141
8,19,0,CYCLE,16,0
8,19,0,CYCLE,17,0
8,19,0,CYCLE,18,3703
8,19,0,CYCLE,19,3427
8,20,0,CHAIN,0,0
8,20,0,CHAIN,1,0
8,20,0,CHAIN,2,4306
8,20,0,CHAIN,3,3541
8,20,0,CHAIN,4,4067
8,20,0,CHAIN,5,0
8,20,0,CHAIN,6,0
8,20,0,CHAIN,7,3749
8,20,0,CHAIN,8,0
8,20,0,CHAIN,9,0
8,20,0,CHAIN,10,3959
8,20,0,CHAIN,11,4358
8,20,0,CHAIN,12,4163
8,20,0,CHAIN,13,0
8,20,0,CHAIN,14,4170
8,20,0,CHAIN,15,4012
8,20,0,CHAIN,16,0
8,20,0,CHAIN,17,3431
8,20,0,CHAIN,18,0
8,20,0,CHAIN,19,3679
8,20,0,STAR,0,4210
8,20,0,STAR,1,3878
8,20,0,STAR,2,4096
8,20,0,STAR,3,3711
8,20,0,STAR,4,3849
8,20,0,STAR,5,3994
8,20,0,STAR,6,0
8,20,0,STAR,7,0
8,20,0,STAR,8,0
8,20,0,STAR,9,0
8,20,0,STAR,10,4461
8,20,0,STAR,11,3691
8,20,0,STAR,12,0
8,20,0,STAR,13,4208
8,20,0,STAR,14,3540
8,20,0,STAR,15,3648
8,20,0,STAR,16,0
8,20,0,STAR,17,0
8,20,0,STAR,18,4114
8,20,0,STAR,19,4251
8,20,0,CYCLE,0,0
8,20,0,CYCLE,1,0
8,20,0,CYCLE,2,0
8,20,0,CYCLE,3,3802
8,20,0,CYCLE,4,4435
8,20,0,CYCLE,5,4164
8,20,0,CYCLE,6,0
8,20,0,CYCLE,7,3913
8,20,0,CYCLE,8,3977
8,20,0,CYCLE,9,3485
8,20,0,CYCLE,10,3668
8,20,0,CYCLE,11,0
8,20,0,CYCLE,12,0
8,20,0,CYCLE,13,0
8,20,0,CYCLE,14,4095
8,20,0,CYCLE,15,4132
8,20,0,CYCLE,16,0
8,20,0,CYCLE,17,0
8,20,0,CYCLE,18,3983
8,20,0,CYCLE,19,3713
9,1,0,CHAIN,0,966
9,1,0,CHAIN,1,994
9,1,0,CHAIN,2,984
9,1,0,CHAIN,3,919
9,1,0,CHAIN,4,926
9,1,0,CHAIN,5,1021
9,1,0,CHAIN,6,934
9,1,0,CHAIN,7,954
9,1,0,CHAIN,8,1046
9,1,0,CHAIN,9,931
9,1,0,CHAIN,10,1081
9,1,0,CHAIN,11,1023
9,1,0,CHAIN,12,971
9,1,0,CHAIN,13,1073
9,1,0,CHAIN,14,1019
9,1,0,CHAIN,15,1031
9,1,0,CHAIN,16,1026
9,1,0,CHAIN,17,1130
9,1,0,CHAIN,18,1041
9,1,0,CHAIN,19,980
9,1,0,STAR,0,1042
9,1,0,STAR,1,1034
9,1,0,STAR,2,957
9,1,0,STAR,3,1027
9,1,0,STAR,4,1195
9,1,0,STAR,5,968
9,1,0,STAR,6,954
9,1,0,STAR,7,939
9,1,0,STAR,8,937
9,1,0,STAR,9,957
9,1,0,STAR,10,1024
9,1,0,STAR,11,963
9,1,0,STAR,12,1006
9,1,0,STAR,13,990
9,1,0,STAR,14,1027
9,1,0,STAR,15,995
9,1,0,STAR,16,927
9,1,0,STAR,17,918
9,1,0,STAR,18,1117
9,1,0,STAR,19,957
9,1,0,CYCLE,0,976
9,1,0,CYCLE,1,996
9,1,0,CYCLE,2,1036
9,1,0,CYCLE,3,1060
9,1,0,CYCLE,4,969
9,1,0,CYCLE,5,973
9,1,0,CYCLE,6,996
9,1,0,CYCLE,7,1007
9,1,0,CYCLE,8,952
9,1,0,CYCLE,9,934
9,1,0,CYCLE,10,1060
9,1,0,CYCLE,11,959
9,1,0,CYCLE,12,1021
9,1,0,CYCLE,13,1079
9,1,0,CYCLE,14,1069
9,1,0,CYCLE,15,970
9,1,0,CYCLE,16,1066
9,1,0,CYCLE,17,1049
9,1,0,CYCLE,18,1066
9,1,0,CYCLE,19,1035
10,1,0,CHAIN,0,1317
10,1,0,CHAIN,1,1261
10,1,0,CHAIN,2,1318
10,1,0,CHAIN,3,1295
10,1,0,CHAIN,4,1832
10,1,0,CHAIN,5,1257
10,1,0,CHAIN,6,1410
10,1,0,CHAIN,7,1261
10,1,0,CHAIN,8,1378
10,1,0,CHAIN,9,1316
10,1,0,CHAIN,10,1421
10,1,0,CHAIN,11,1377
10,1,0,CHAIN,12,1384
10,1,0,CHAIN,13,1257
10,1,0,CHAIN,14,1257
10,1,0,CHAIN,15,1204
10,1,0,CHAIN,16,1405
10,1,0,CHAIN,17,1304
10,1,0,CHAIN,18,1276
10,1,0,CHAIN,19,1284
10,1,0,STAR,0,1327
10,1,0,STAR,1,1296
10,1,0,STAR,2,1381
10,1,0,STAR,3,1209
10,1,0,STAR,4,1302
10,1,0,STAR,5,1271
10,1,0,STAR,6,1442
10,1,0,STAR,7,1366
10,1,0,STAR,8,1224
10,1,0,STAR,9,1249
10,1,0,STAR,10,1240
10,1,0,STAR,11,1245
10,1,0,STAR,12,1283
10,1,0,STAR,13,1298
10,1,0,STAR,14,1186
10,1,0,STAR,15,1431
10,1,0,STAR,16,1383
10,1,0,STAR,17,1240
10,1,0,STAR,18,1437
10,1,0,STAR,19,1391
10,1,0,CYCLE,0,1302
10,1,0,CYCLE,1,1368
10,1,0,CYCLE,2,1483
10,1,0,CYCLE,3,1313
10,1,0,CYCLE,4,1560
10,1,0,CYCLE,5,1274
10,1,0,CYCLE,6,1329
10,1,0,CYCLE,7,1358
10,1,0,CYCLE,8,1327
10,1,0,CYCLE,9,1432
10,1,0,CYCLE,10,1315
10,1,0,CYCLE,11,1410
10,1,0,CYCLE,12,1226
10,1,0,CYCLE,13,1435
10,1,0,CYCLE,14,1337
10,1,0,CYCLE,15,1548
10,1,0,CYCLE,16,1234
10,1,0,CYCLE,17,1404
10,1,0,CYCLE,18,1358
10,1,0,CYCLE,19,1351
11,1,0,CHAIN,0,1724
11,1,0,CHAIN,1,1659
11,1,0,CHAIN,2,1733
11,1,0,CHAIN,3,1811
11,1,0,CHAIN,4,1937
11,1,0,CHAIN,5,1706
11,1,0,CHAIN,6,2102
11,1,0,CHAIN,7,1758
11,1,0,CHAIN,8,1707
11,1,0,CHAIN,9,1836
11,1,0,CHAIN,10,1723
11,1,0,CHAIN,11,1777
11,1,0,CHAIN,12,1744
11,1,0,CHAIN,13,1688
11,1,0,CHAIN,14,1644
11,1,0,CHAIN,15,1715
11,1,0,CHAIN,16,1589
11,1,0,CHAIN,17,1664
11,1,0,CHAIN,18,1701
11,1,0,CHAIN,19,1993
11,1,0,STAR,0,1716
11,1,0,STAR,1,1661
11,1,0,STAR,2,1597
11,1,0,STAR,3,1668
11,1,0,STAR,4,1822
11,1,0,STAR,5,1778
11,1,0,STAR,6,1702
11,1,0,STAR,7,1827
11,1,0,STAR,8,1800
11,1,0,STAR,9,1594
11,1,0,STAR,10,1646
11,1,0,STAR,11,1638
11,1,0,STAR,12,1642
11,1,0,STAR,13,1853
11,1,0,STAR,14,1763
11,1,0,STAR,15,1920
11,1,0,STAR,16,2101
11,1,0,STAR,17,1724
11,1,0,STAR,18,1863
11,1,0,STAR,19,1704
11,1,0,CYCLE,0,1657
11,1,0,CYCLE,1,1929
11,1,0,CYCLE,2,1758
11,1,0,CYCLE,3,1970
11,1,0,CYCLE,4,1853
11,1,0,CYCLE,5,1659
11,1,0,CYCLE,6,1945
11,1,0,CYCLE,7,1863
11,1,0,CYCLE,8,1581
11,1,0,CYCLE,9,1732
11,1,0,CYCLE,10,1648
11,1,0,CYCLE,11,1736
11,1,0,CYCLE,12,2052
11,1,0,CYCLE,13,1742
11,1,0,CYCLE,14,2022
11,1,0,CYCLE,15,1742
11,1,0,CYCLE,16,1747
11,1,0,CYCLE,17,1737
11,1,0,CYCLE,18,1722
11,1,0,CYCLE,19,1786
12,1,0,CHAIN,0,2387
12,1,0,CHAIN,1,2211
12,1,0,CHAIN,2,2361
12,1,0,CHAIN,3,2423
12,1,0,CHAIN,4,2387
12,1,0,CHAIN,5,2795
12,1,0,CHAIN,6,2419
12,1,0,CHAIN,7,2009
12,1,0,CHAIN,8,1996
12,1,0,CHAIN,9,2125
12,1,0,CHAIN,10,2045
12,1,0,CHAIN,11,2087
12,1,0,CHAIN,12,1956
12,1,0,CHAIN,13,2351
12,1,0,CHAIN,14,2347
12,1,0,CHAIN,15,2277
12,1,0,CHAIN,16,2180
12,1,0,CHAIN,17,2405
12,1,0,CHAIN,18,2573
12,1,0,CHAIN,19,2064
12,1,0,STAR,0,2103
12,1,0,STAR,1,2307
12,1,0,STAR,2,2196
12,1,0,STAR,3,2221
12,1,0,STAR,4,2106
12,1,0,STAR,5,2084
12,1,0,STAR,6,2183
12,1,0,STAR,7,1972
12,1,0,STAR,8,2071
12,1,0,STAR,9,2161
12,1,0,STAR,10,2066
12,1,0,STAR,11,2079
12,1,0,STAR,12,2240
12,1,0,STAR,13,2216
12,1,0,STAR,14,2153
12,1,0,STAR,15,2369
12,1,0,STAR,16,2419
12,1,0,STAR,17,2233
12,1,0,STAR,18,2139
12,1,0,STAR,19,2157
12,1,0,CYCLE,0,2225
12,1,0,CYCLE,1,2081
12,1,0,CYCLE,2,2458
12,1,0,CYCLE,3,2352
12,1,0,CYCLE,4,2637
12,1,0,CYCLE,5,2481
12,1,0,CYCLE,6,2359
12,1,0,CYCLE,7,2315
12,1,0,CYCLE,8,2261
12,1,0,CYCLE,9,2220
12,1,0,CYCLE,10,2319
12,1,0,CYCLE,11,2361
12,1,0,CYCLE,12,2151
12,1,0,CYCLE,13,2169
12,1,0,CYCLE,14,2420
12,1,0,CYCLE,15,2288
12,1,0,CYCLE,16,2202
12,1,0,CYCLE,17,2178
12,1,0,CYCLE,18,2444
12,1,0,CYCLE,19,2297
13,1,0,CHAIN,0,2810
13,1,0,CHAIN,1,2799
13,1,0,CHAIN,2,2867
13,1,0,CHAIN,3,2833
13,1,0,CHAIN,4,2459
13,1,0,CHAIN,5,2657
13,1,0,CHAIN,6,2469
13,1,0,CHAIN,7,3412
13,1,0,CHAIN,8,2840
13,1,0,CHAIN,9,3128
13,1,0,CHAIN,10,2666
13,1,0,CHAIN,11,2695
13,1,0,CHAIN,12,2558
13,1,0,CHAIN,13,2763
13,1,0,CHAIN,14,2638
13,1,0,CHAIN,15,2542
13,1,0,CHAIN,16,2710
13,1,0,CHAIN,17,2708
13,1,0,CHAIN,18,2692
13,1,0,CHAIN,19,2511
13,1,0,STAR,0,2511
13,1,0,STAR,1,2598
13,1,0,STAR,2,2992
13,1,0,STAR,3,2887
13,1,0,STAR,4,2657
13,1,0,STAR,5,2873
13,1,0,STAR,6,3159
13,1,0,STAR,7,2614
13,1,0,STAR,8,2866
13,1,0,STAR,9,2754
13,1,0,STAR,10,2654
13,1,0,STAR,11,2735
13,1,0,STAR,12,2793
13,1,0,STAR,13,2476
13,1,0,STAR,14,2390
13,1,0,STAR,15,2553
13,1,0,STAR,16,2605
13,1,0,STAR,17,2771
13,1,0,STAR,18,3362
13,1,0,STAR,19,2602
13,1,0,CYCLE,0,2962
13,1,0,CYCLE,1,2518
13,1,0,CYCLE,2,2730
13,1,0,CYCLE,3,3020
13,1,0,CYCLE,4,2948
13,1,0,CYCLE,5,2901
13,1,0,CYCLE,6,3104
13,1,0,CYCLE,7,2668
13,1,0,CYCLE,8,3029
13,1,0,CYCLE,9,2988
13,1,0,CYCLE,10,2892
13,1,0,CYCLE,11,3353
13,1,0,CYCLE,12,2982
13,1,0,CYCLE,13,2682
13,1,0,CYCLE,14,2860
13,1,0,CYCLE,15,2835
13,1,0,CYCLE,16,2834
13,1,0,CYCLE,17,2840
13,1,0,CYCLE,18,2601
13,1,0,CYCLE,19,2770
14,1,0,CHAIN,0,3146
14,1,0,CHAIN,1,3369
14,1,0,CHAIN,2,3292
14,1,0,CHAIN,3,3400
14,1,0,CHAIN,4,3458
14,1,0,CHAIN,5,3574
14,1,0,CHAIN,6,3453
14,1,0,CHAIN,7,3781
14,1,0,CHAIN,8,3249
14,1,0,CHAIN,9,3094
14,1,0,CHAIN,10,3152
14,1,0,CHAIN,11,3303
14,1,0,CHAIN,12,3539
14,1,0,CHAIN,13,3221
14,1,0,CHAIN,14,3996
14,1,0,CHAIN,15,3333
14,1,0,CHAIN,16,3457
14,1,0,CHAIN,17,3316
14,1,0,CHAIN,18,3579
14,1,0,CHAIN,19,3301
14,1,0,STAR,0,3433
14,1,0,STAR,1,3587
14,1,0,STAR,2,3369
14,1,0,STAR,3,3470
14,1,0,STAR,4,3207
14,1,0,STAR,5,3133
14,1,0,STAR,6,3220
14,1,0,STAR,7,3398
14,1,0,STAR,8,3480
14,1,0,STAR,9,3338
14,1,0,STAR,10,3309
14,1,0,STAR,11,3204
14,1,0,STAR,12,3390
14,1,0,STAR,13,3590
14,1,0,STAR,14,3287
14,1,0,STAR,15,3358
14,1,0,STAR,16,3486
14,1,0,STAR,17,3211
14,1,0,STAR,18,3222
14,1,0,STAR,19,3608
14,1,0,CYCLE,0,3742
14,1,0,CYCLE,1,3251
14,1,0,CYCLE,2,3606
14,1,0,CYCLE,3,3335
14,1,0,CYCLE,4,3787
14,1,0,CYCLE,5,3639
14,1,0,CYCLE,6,3422
14,1,0,CYCLE,7,3411
14,1,0,CYCLE,8,3497
14,1,0,CYCLE,9,3647
14,1,0,CYCLE,10,3218
14,1,0,CYCLE,11,3793
14,1,0,CYCLE,12,4062
14,1,0,CYCLE,13,3447
14,1,0,CYCLE,14,3585
14,1,0,CYCLE,15,3485
14,1,0,CYCLE,16,3586
14,1,0,CYCLE,17,3316
14,1,0,CYCLE,18,3270
14,1,0,CYCLE,19,3372
15,1,0,CHAIN,0,4076
15,1,0,CHAIN,1,4408
15,1,0,CHAIN,2,4311
15,1,0,CHAIN,3,4130
15,1,0,CHAIN,4,0
15,1,0,CHAIN,5,4140
15,1,0,CHAIN,6,3719
15,1,0,CHAIN,7,4486
15,1,0,CHAIN,8,4455
15,1,0,CHAIN,9,0
15,1,0,CHAIN,10,4024
15,1,0,CHAIN,11,0
15,1,0,CHAIN,12,4222
15,1,0,CHAIN,13,4085
15,1,0,CHAIN,14,3938
15,1,0,CHAIN,15,4356
15,1,0,CHAIN,16,3646
15,1,0,CHAIN,17,3809
15,1,0,CHAIN,18,3889
15,1,0,CHAIN,19,0
15,1,0,STAR,0,3856
15,1,0,STAR,1,3928
15,1,0,STAR,2,4157
15,1,0,STAR,3,3674
15,1,0,STAR,4,4181
15,1,0,STAR,5,4084
15,1,0,STAR,6,3788
15,1,0,STAR,7,0
15,1,0,STAR,8,3747
15,1,0,STAR,9,3652
15,1,0,STAR,10,0
15,1,0,STAR,11,0
15,1,0,STAR,12,3915
15,1,0,STAR,13,3898
15,1,0,STAR,14,3839
15,1,0,STAR,15,4133
15,1,0,STAR,16,0
15,1,0,STAR,17,0
15,1,0,STAR,18,4216
15,1,0,STAR,19,3910
15,1,0,CYCLE,0,3969
15,1,0,CYCLE,1,4371
15,1,0,CYCLE,2,4128
15,1,0,CYCLE,3,0
15,1,0,CYCLE,4,4409
15,1,0,CYCLE,5,4110
15,1,0,CYCLE,6,4203
15,1,0,CYCLE,7,0
15,1,0,CYCLE,8,4278
15,1,0,CYCLE,9,3950
15,1,0,CYCLE,10,3913
15,1,0,CYCLE,11,3998
15,1,0,CYCLE,12,4090
15,1,0,CYCLE,13,3875
15,1,0,CYCLE,14,3744
15,1,0,CYCLE,15,4234
15,1,0,CYCLE,16,0
15,1,0,CYCLE,17,4050
15,1,0,CYCLE,18,0
15,1,0,CYCLE,19,4491
